           2
           6
         512
  -8.000000    
   12.00000    
  -12.00000    
   12.00000    
  -12.00000    
   12.00000    
   1.000000    
           5
           1
          23
           4
           0
  4.0699999E-10
   273.0000    
  0.7700000    
   1.000000    
  5.3120001E-26
           2
           0
   5.000000    
           1
   2256.000    
   56.50000    
   153.5000    
  4.1699999E-10
   273.0000    
  0.7400000    
   1.000000    
  4.6500001E-26
           2
           0
   5.000000    
           1
   3371.000    
   9.100000    
   220.0000    
  3.0000000E-10
   273.0000    
  0.8000000    
   1.000000    
  2.6560001E-26
           0
  3.0000000E-10
   273.0000    
  0.8000000    
   1.000000    
  2.3250000E-26
           0
  4.2000001E-10
   273.0000    
  0.7900000    
   1.000000    
  4.9800000E-26
           2
           0
   5.000000    
           1
   2719.000    
   50.00000    
  -1.000000    
           1
           4
           3
           3
           4
   1.000000    
  8.1970000E-19
  5.9930000E-02
  -1.000000    
 -8.1970000E-19
           1
           5
           3
           3
           5
   1.000000    
  8.1970000E-19
  5.9930000E-02
  -1.000000    
 -8.1970000E-19
           1
           2
           3
           3
           2
   1.500000    
  8.1970000E-19
  0.1198000    
  -1.000000    
 -8.1970000E-19
           1
           1
           3
           3
           1
   1.500000    
  8.1970000E-19
  0.5393000    
  -1.000000    
 -8.1970000E-19
           1
           3
           3
           3
           3
   1.000000    
  8.1970000E-19
   1.498000    
  -1.000000    
 -8.1970000E-19
           2
           3
           4
           4
           3
  0.5000000    
  1.5610000E-18
  3.1870001E-03
 -0.5000000    
 -1.5610000E-18
           2
           1
           4
           4
           1
  0.5000000    
  1.5610000E-18
  3.1870001E-03
 -0.5000000    
 -1.5610000E-18
           2
           5
           4
           4
           5
  0.5000000    
  1.5610000E-18
  3.1870001E-03
 -0.5000000    
 -1.5610000E-18
           2
           2
           4
           4
           2
   1.000000    
  1.5610000E-18
  7.9680001E-03
 -0.5000000    
 -1.5610000E-18
           2
           4
           4
           4
           4
   1.000000    
  1.5610000E-18
   690.0000    
  -1.500000    
 -1.5610000E-18
           5
           2
           4
           3
           2
   1.000000    
  1.0430000E-18
   6.590000    
  -1.500000    
 -1.0430000E-18
           5
           1
           4
           3
           1
   1.000000    
  1.0430000E-18
   6.590000    
  -1.500000    
 -1.0430000E-18
           5
           5
           4
           3
           5
   1.000000    
  1.0430000E-18
   131.8000    
  -1.500000    
 -1.0430000E-18
           5
           3
           4
           3
           3
   1.000000    
  1.0430000E-18
   131.8000    
  -1.500000    
 -1.0430000E-18
           5
           4
           4
           3
           4
   1.000000    
  1.0430000E-18
   131.8000    
  -1.500000    
 -1.0430000E-18
           5
           3
           0
           1
           4
  0.0000000E+00
  2.7190001E-19
  5.2790002E-11
   1.000000    
 -2.7190001E-19
           2
           3
           0
           5
           4
  0.0000000E+00
  5.1750001E-19
  1.1200000E-06
  0.0000000E+00
 -5.1750001E-19
           1
           4
           0
           5
           3
  0.0000000E+00
  4.9679999E-20
  1.5980000E-08
  0.5000000    
  2.7190001E-19
           5
           4
           0
           2
           3
  0.0000000E+00
  0.0000000E+00
  2.4900001E-07
  0.0000000E+00
  5.1750001E-19
           3
           3
          -1
           1
          -1
  0.0000000E+00
  0.0000000E+00
  8.2970002E-35
 -0.5000000    
  8.1970000E-19
           4
           4
          -1
           2
          -2
  0.0000000E+00
  0.0000000E+00
  3.0051001E-34
 -0.5000000    
  1.5610000E-18
           4
           4
          -1
           2
          -3
  0.0000000E+00
  0.0000000E+00
  6.3961999E-30
  -1.500000    
  1.5637000E-18
           4
           3
          -1
           5
          -4
  0.0000000E+00
  0.0000000E+00
  2.7846000E-30
  -1.500000    
  1.0430000E-18
   9.000000    
   2.000000    
   25.00000    
   1.000000    
   1.000000    
   1.000000    
   2.500000    
   1.000000    
  0.0000000E+00
   1.000000    
  0.0000000E+00
  0.0000000E+00
  0.0000000E+00
   1.000000    
  0.0000000E+00
   1.000000    
   1.000000    
   20.00000    
   20.00000    
   20.00000    
  5.0946998E+18
   208.0000    
   9600.000    
  0.0000000E+00
  0.0000000E+00
  0.1580800    
  0.7831900    
  5.8729999E-02
  0.0000000E+00
  0.0000000E+00
           3
           3
           3
           3
           3
           3
           1
           0
           0
           0
           1
           1
   1.000000    
   1.000000    
   1.000000    
           5
           5
           5
   1.000000    
           5
           2
   1.000000    
   1.000000    
           0
           0
           0
